mean = {3: np.array([  18.23175586,  130.94787753,    0.90586369,   -1.37565401,
         -2.12955145]),
	2: np.array([  7.71744186e+01,   1.07949007e+02,   6.00377773e-02,
        -1.41348726e-01,  -3.82792344e+01]),
	3: np.array([  7.5211626 ,  14.7204753 ,   0.97313362,  -1.20991747,  -1.98691267])}

cov  = {3: np.array([[ 1.        ,  0.12658239, -0.90958435,  0.35086631, -0.73782621],
       [ 0.12658239,  1.        , -0.12396601, -0.20439514, -0.03435325],
       [-0.90958435, -0.12396601,  1.        , -0.42966741,  0.70615914],
       [ 0.35086631, -0.20439514, -0.42966741,  1.        , -0.57631987],
       [-0.73782621, -0.03435325,  0.70615914, -0.57631987,  1.        ]]),
	2: np.array([[ 1.        , -0.3474003 , -0.96841622,  0.82872069, -0.29189177],
       [-0.3474003 ,  1.        ,  0.34370121, -0.3560751 ,  0.35451654],
       [-0.96841622,  0.34370121,  1.        , -0.86644825,  0.28595854],
       [ 0.82872069, -0.3560751 , -0.86644825,  1.        , -0.36690416],
       [-0.29189177,  0.35451654,  0.28595854, -0.36690416,  1.        ]]),
	3: np.array([[ 1.        , -0.00563084, -0.89764   ,  0.428191  , -0.7502164 ],
       [-0.00563084,  1.        , -0.06899344, -0.13287582,  0.31625235],
       [-0.89764   , -0.06899344,  1.        , -0.44524101,  0.64268221],
       [ 0.428191  , -0.13287582, -0.44524101,  1.        , -0.45632161],
       [-0.7502164 ,  0.31625235,  0.64268221, -0.45632161,  1.        ]])}
